/*--------------------------------*- C++ -*----------------------------------*\
| =========                 |                                                 |
| \\      /  F ield         | OpenFOAM: The Open Source CFD Toolbox           |
|  \\    /   O peration     | Version:  4.1                                   |
|   \\  /    A nd           | Web:      www.OpenFOAM.org                      |
|    \\/     M anipulation  |                                                 |
\*---------------------------------------------------------------------------*/
FoamFile
{
    version     2.0;
    format      ascii;
    class       vectorField;
    location    "constant/polyMesh";
    object      points;
}
// * * * * * * * * * * * * * * * * * * * * * * * * * * * * * * * * * * * * * //


2222
(
(0 -0.4828747834 0)
(0.09984128276 -0.4828747834 0)
(0.1996825655 -0.4828747834 0)
(0.2995238483 -0.4828747834 0)
(0.399365131 -0.4828747834 0)
(0.4992064138 -0.4828747834 0)
(0.5990476966 -0.4828747834 0)
(0.6988889793 -0.4828747834 0)
(0.7987302621 -0.4828747834 0)
(0.8985715448 -0.4828747834 0)
(0.9984128276 -0.4828747834 0)
(1.09825411 -0.4828747834 0)
(1.198095393 -0.4828747834 0)
(1.297936676 -0.4828747834 0)
(1.397777959 -0.4828747834 0)
(1.497619241 -0.4828747834 0)
(1.597460524 -0.4828747834 0)
(1.697301807 -0.4828747834 0)
(1.79714309 -0.4828747834 0)
(1.896984372 -0.4828747834 0)
(1.996825655 -0.4828747834 0)
(2.096666938 -0.4828747834 0)
(2.196508221 -0.4828747834 0)
(2.296349503 -0.4828747834 0)
(2.396190786 -0.4828747834 0)
(2.496032069 -0.4828747834 0)
(2.595873352 -0.4828747834 0)
(2.695714635 -0.4828747834 0)
(2.795555917 -0.4828747834 0)
(2.8953972 -0.4828747834 0)
(2.995238483 -0.4828747834 0)
(3.095079766 -0.4828747834 0)
(3.194921048 -0.4828747834 0)
(3.294762331 -0.4828747834 0)
(3.394603614 -0.4828747834 0)
(3.494444897 -0.4828747834 0)
(3.594286179 -0.4828747834 0)
(3.694127462 -0.4828747834 0)
(3.793968745 -0.4828747834 0)
(3.893810028 -0.4828747834 0)
(3.99365131 -0.4828747834 0)
(4.093492593 -0.4828747834 0)
(4.193333876 -0.4828747834 0)
(4.293175159 -0.4828747834 0)
(4.393016441 -0.4828747834 0)
(4.492857724 -0.4828747834 0)
(4.592699007 -0.4828747834 0)
(4.69254029 -0.4828747834 0)
(4.792381572 -0.4828747834 0)
(4.892222855 -0.4828747834 0)
(4.992064138 -0.4828747834 0)
(5.091905421 -0.4828747834 0)
(5.191746704 -0.4828747834 0)
(5.291587986 -0.4828747834 0)
(5.391429269 -0.4828747834 0)
(5.491270552 -0.4828747834 0)
(5.591111835 -0.4828747834 0)
(5.690953117 -0.4828747834 0)
(5.7907944 -0.4828747834 0)
(5.890635683 -0.4828747834 0)
(5.990476966 -0.4828747834 0)
(6.090318248 -0.4828747834 0)
(6.190159531 -0.4828747834 0)
(6.290000814 -0.4828747834 0)
(6.389842097 -0.4828747834 0)
(6.489683379 -0.4828747834 0)
(6.589524662 -0.4828747834 0)
(6.689365945 -0.4828747834 0)
(6.789207228 -0.4828747834 0)
(6.88904851 -0.4828747834 0)
(6.988889793 -0.4828747834 0)
(7.088731076 -0.4828747834 0)
(7.188572359 -0.4828747834 0)
(7.288413641 -0.4828747834 0)
(7.388254924 -0.4828747834 0)
(7.488096207 -0.4828747834 0)
(7.58793749 -0.4828747834 0)
(7.687778773 -0.4828747834 0)
(7.787620055 -0.4828747834 0)
(7.887461338 -0.4828747834 0)
(7.987302621 -0.4828747834 0)
(8.087143904 -0.4828747834 0)
(8.186985186 -0.4828747834 0)
(8.286826469 -0.4828747834 0)
(8.386667752 -0.4828747834 0)
(8.486509035 -0.4828747834 0)
(8.586350317 -0.4828747834 0)
(8.6861916 -0.4828747834 0)
(8.786032883 -0.4828747834 0)
(8.885874166 -0.4828747834 0)
(8.985715448 -0.4828747834 0)
(9.085556731 -0.4828747834 0)
(9.185398014 -0.4828747834 0)
(9.285239297 -0.4828747834 0)
(9.385080579 -0.4828747834 0)
(9.484921862 -0.4828747834 0)
(9.584763145 -0.4828747834 0)
(9.684604428 -0.4828747834 0)
(9.78444571 -0.4828747834 0)
(9.884286993 -0.4828747834 0)
(9.984128276 -0.4828747834 0)
(0 -0.3862998267 0)
(0.09984128276 -0.3862998267 0)
(0.1996825655 -0.3862998267 0)
(0.2995238483 -0.3862998267 0)
(0.399365131 -0.3862998267 0)
(0.4992064138 -0.3862998267 0)
(0.5990476966 -0.3862998267 0)
(0.6988889793 -0.3862998267 0)
(0.7987302621 -0.3862998267 0)
(0.8985715448 -0.3862998267 0)
(0.9984128276 -0.3862998267 0)
(1.09825411 -0.3862998267 0)
(1.198095393 -0.3862998267 0)
(1.297936676 -0.3862998267 0)
(1.397777959 -0.3862998267 0)
(1.497619241 -0.3862998267 0)
(1.597460524 -0.3862998267 0)
(1.697301807 -0.3862998267 0)
(1.79714309 -0.3862998267 0)
(1.896984372 -0.3862998267 0)
(1.996825655 -0.3862998267 0)
(2.096666938 -0.3862998267 0)
(2.196508221 -0.3862998267 0)
(2.296349503 -0.3862998267 0)
(2.396190786 -0.3862998267 0)
(2.496032069 -0.3862998267 0)
(2.595873352 -0.3862998267 0)
(2.695714635 -0.3862998267 0)
(2.795555917 -0.3862998267 0)
(2.8953972 -0.3862998267 0)
(2.995238483 -0.3862998267 0)
(3.095079766 -0.3862998267 0)
(3.194921048 -0.3862998267 0)
(3.294762331 -0.3862998267 0)
(3.394603614 -0.3862998267 0)
(3.494444897 -0.3862998267 0)
(3.594286179 -0.3862998267 0)
(3.694127462 -0.3862998267 0)
(3.793968745 -0.3862998267 0)
(3.893810028 -0.3862998267 0)
(3.99365131 -0.3862998267 0)
(4.093492593 -0.3862998267 0)
(4.193333876 -0.3862998267 0)
(4.293175159 -0.3862998267 0)
(4.393016441 -0.3862998267 0)
(4.492857724 -0.3862998267 0)
(4.592699007 -0.3862998267 0)
(4.69254029 -0.3862998267 0)
(4.792381572 -0.3862998267 0)
(4.892222855 -0.3862998267 0)
(4.992064138 -0.3862998267 0)
(5.091905421 -0.3862998267 0)
(5.191746704 -0.3862998267 0)
(5.291587986 -0.3862998267 0)
(5.391429269 -0.3862998267 0)
(5.491270552 -0.3862998267 0)
(5.591111835 -0.3862998267 0)
(5.690953117 -0.3862998267 0)
(5.7907944 -0.3862998267 0)
(5.890635683 -0.3862998267 0)
(5.990476966 -0.3862998267 0)
(6.090318248 -0.3862998267 0)
(6.190159531 -0.3862998267 0)
(6.290000814 -0.3862998267 0)
(6.389842097 -0.3862998267 0)
(6.489683379 -0.3862998267 0)
(6.589524662 -0.3862998267 0)
(6.689365945 -0.3862998267 0)
(6.789207228 -0.3862998267 0)
(6.88904851 -0.3862998267 0)
(6.988889793 -0.3862998267 0)
(7.088731076 -0.3862998267 0)
(7.188572359 -0.3862998267 0)
(7.288413641 -0.3862998267 0)
(7.388254924 -0.3862998267 0)
(7.488096207 -0.3862998267 0)
(7.58793749 -0.3862998267 0)
(7.687778773 -0.3862998267 0)
(7.787620055 -0.3862998267 0)
(7.887461338 -0.3862998267 0)
(7.987302621 -0.3862998267 0)
(8.087143904 -0.3862998267 0)
(8.186985186 -0.3862998267 0)
(8.286826469 -0.3862998267 0)
(8.386667752 -0.3862998267 0)
(8.486509035 -0.3862998267 0)
(8.586350317 -0.3862998267 0)
(8.6861916 -0.3862998267 0)
(8.786032883 -0.3862998267 0)
(8.885874166 -0.3862998267 0)
(8.985715448 -0.3862998267 0)
(9.085556731 -0.3862998267 0)
(9.185398014 -0.3862998267 0)
(9.285239297 -0.3862998267 0)
(9.385080579 -0.3862998267 0)
(9.484921862 -0.3862998267 0)
(9.584763145 -0.3862998267 0)
(9.684604428 -0.3862998267 0)
(9.78444571 -0.3862998267 0)
(9.884286993 -0.3862998267 0)
(9.984128276 -0.3862998267 0)
(0 -0.28972487 0)
(0.09984128276 -0.28972487 0)
(0.1996825655 -0.28972487 0)
(0.2995238483 -0.28972487 0)
(0.399365131 -0.28972487 0)
(0.4992064138 -0.28972487 0)
(0.5990476966 -0.28972487 0)
(0.6988889793 -0.28972487 0)
(0.7987302621 -0.28972487 0)
(0.8985715448 -0.28972487 0)
(0.9984128276 -0.28972487 0)
(1.09825411 -0.28972487 0)
(1.198095393 -0.28972487 0)
(1.297936676 -0.28972487 0)
(1.397777959 -0.28972487 0)
(1.497619241 -0.28972487 0)
(1.597460524 -0.28972487 0)
(1.697301807 -0.28972487 0)
(1.79714309 -0.28972487 0)
(1.896984372 -0.28972487 0)
(1.996825655 -0.28972487 0)
(2.096666938 -0.28972487 0)
(2.196508221 -0.28972487 0)
(2.296349503 -0.28972487 0)
(2.396190786 -0.28972487 0)
(2.496032069 -0.28972487 0)
(2.595873352 -0.28972487 0)
(2.695714635 -0.28972487 0)
(2.795555917 -0.28972487 0)
(2.8953972 -0.28972487 0)
(2.995238483 -0.28972487 0)
(3.095079766 -0.28972487 0)
(3.194921048 -0.28972487 0)
(3.294762331 -0.28972487 0)
(3.394603614 -0.28972487 0)
(3.494444897 -0.28972487 0)
(3.594286179 -0.28972487 0)
(3.694127462 -0.28972487 0)
(3.793968745 -0.28972487 0)
(3.893810028 -0.28972487 0)
(3.99365131 -0.28972487 0)
(4.093492593 -0.28972487 0)
(4.193333876 -0.28972487 0)
(4.293175159 -0.28972487 0)
(4.393016441 -0.28972487 0)
(4.492857724 -0.28972487 0)
(4.592699007 -0.28972487 0)
(4.69254029 -0.28972487 0)
(4.792381572 -0.28972487 0)
(4.892222855 -0.28972487 0)
(4.992064138 -0.28972487 0)
(5.091905421 -0.28972487 0)
(5.191746704 -0.28972487 0)
(5.291587986 -0.28972487 0)
(5.391429269 -0.28972487 0)
(5.491270552 -0.28972487 0)
(5.591111835 -0.28972487 0)
(5.690953117 -0.28972487 0)
(5.7907944 -0.28972487 0)
(5.890635683 -0.28972487 0)
(5.990476966 -0.28972487 0)
(6.090318248 -0.28972487 0)
(6.190159531 -0.28972487 0)
(6.290000814 -0.28972487 0)
(6.389842097 -0.28972487 0)
(6.489683379 -0.28972487 0)
(6.589524662 -0.28972487 0)
(6.689365945 -0.28972487 0)
(6.789207228 -0.28972487 0)
(6.88904851 -0.28972487 0)
(6.988889793 -0.28972487 0)
(7.088731076 -0.28972487 0)
(7.188572359 -0.28972487 0)
(7.288413641 -0.28972487 0)
(7.388254924 -0.28972487 0)
(7.488096207 -0.28972487 0)
(7.58793749 -0.28972487 0)
(7.687778773 -0.28972487 0)
(7.787620055 -0.28972487 0)
(7.887461338 -0.28972487 0)
(7.987302621 -0.28972487 0)
(8.087143904 -0.28972487 0)
(8.186985186 -0.28972487 0)
(8.286826469 -0.28972487 0)
(8.386667752 -0.28972487 0)
(8.486509035 -0.28972487 0)
(8.586350317 -0.28972487 0)
(8.6861916 -0.28972487 0)
(8.786032883 -0.28972487 0)
(8.885874166 -0.28972487 0)
(8.985715448 -0.28972487 0)
(9.085556731 -0.28972487 0)
(9.185398014 -0.28972487 0)
(9.285239297 -0.28972487 0)
(9.385080579 -0.28972487 0)
(9.484921862 -0.28972487 0)
(9.584763145 -0.28972487 0)
(9.684604428 -0.28972487 0)
(9.78444571 -0.28972487 0)
(9.884286993 -0.28972487 0)
(9.984128276 -0.28972487 0)
(0 -0.1931499134 0)
(0.09984128276 -0.1931499134 0)
(0.1996825655 -0.1931499134 0)
(0.2995238483 -0.1931499134 0)
(0.399365131 -0.1931499134 0)
(0.4992064138 -0.1931499134 0)
(0.5990476966 -0.1931499134 0)
(0.6988889793 -0.1931499134 0)
(0.7987302621 -0.1931499134 0)
(0.8985715448 -0.1931499134 0)
(0.9984128276 -0.1931499134 0)
(1.09825411 -0.1931499134 0)
(1.198095393 -0.1931499134 0)
(1.297936676 -0.1931499134 0)
(1.397777959 -0.1931499134 0)
(1.497619241 -0.1931499134 0)
(1.597460524 -0.1931499134 0)
(1.697301807 -0.1931499134 0)
(1.79714309 -0.1931499134 0)
(1.896984372 -0.1931499134 0)
(1.996825655 -0.1931499134 0)
(2.096666938 -0.1931499134 0)
(2.196508221 -0.1931499134 0)
(2.296349503 -0.1931499134 0)
(2.396190786 -0.1931499134 0)
(2.496032069 -0.1931499134 0)
(2.595873352 -0.1931499134 0)
(2.695714635 -0.1931499134 0)
(2.795555917 -0.1931499134 0)
(2.8953972 -0.1931499134 0)
(2.995238483 -0.1931499134 0)
(3.095079766 -0.1931499134 0)
(3.194921048 -0.1931499134 0)
(3.294762331 -0.1931499134 0)
(3.394603614 -0.1931499134 0)
(3.494444897 -0.1931499134 0)
(3.594286179 -0.1931499134 0)
(3.694127462 -0.1931499134 0)
(3.793968745 -0.1931499134 0)
(3.893810028 -0.1931499134 0)
(3.99365131 -0.1931499134 0)
(4.093492593 -0.1931499134 0)
(4.193333876 -0.1931499134 0)
(4.293175159 -0.1931499134 0)
(4.393016441 -0.1931499134 0)
(4.492857724 -0.1931499134 0)
(4.592699007 -0.1931499134 0)
(4.69254029 -0.1931499134 0)
(4.792381572 -0.1931499134 0)
(4.892222855 -0.1931499134 0)
(4.992064138 -0.1931499134 0)
(5.091905421 -0.1931499134 0)
(5.191746704 -0.1931499134 0)
(5.291587986 -0.1931499134 0)
(5.391429269 -0.1931499134 0)
(5.491270552 -0.1931499134 0)
(5.591111835 -0.1931499134 0)
(5.690953117 -0.1931499134 0)
(5.7907944 -0.1931499134 0)
(5.890635683 -0.1931499134 0)
(5.990476966 -0.1931499134 0)
(6.090318248 -0.1931499134 0)
(6.190159531 -0.1931499134 0)
(6.290000814 -0.1931499134 0)
(6.389842097 -0.1931499134 0)
(6.489683379 -0.1931499134 0)
(6.589524662 -0.1931499134 0)
(6.689365945 -0.1931499134 0)
(6.789207228 -0.1931499134 0)
(6.88904851 -0.1931499134 0)
(6.988889793 -0.1931499134 0)
(7.088731076 -0.1931499134 0)
(7.188572359 -0.1931499134 0)
(7.288413641 -0.1931499134 0)
(7.388254924 -0.1931499134 0)
(7.488096207 -0.1931499134 0)
(7.58793749 -0.1931499134 0)
(7.687778773 -0.1931499134 0)
(7.787620055 -0.1931499134 0)
(7.887461338 -0.1931499134 0)
(7.987302621 -0.1931499134 0)
(8.087143904 -0.1931499134 0)
(8.186985186 -0.1931499134 0)
(8.286826469 -0.1931499134 0)
(8.386667752 -0.1931499134 0)
(8.486509035 -0.1931499134 0)
(8.586350317 -0.1931499134 0)
(8.6861916 -0.1931499134 0)
(8.786032883 -0.1931499134 0)
(8.885874166 -0.1931499134 0)
(8.985715448 -0.1931499134 0)
(9.085556731 -0.1931499134 0)
(9.185398014 -0.1931499134 0)
(9.285239297 -0.1931499134 0)
(9.385080579 -0.1931499134 0)
(9.484921862 -0.1931499134 0)
(9.584763145 -0.1931499134 0)
(9.684604428 -0.1931499134 0)
(9.78444571 -0.1931499134 0)
(9.884286993 -0.1931499134 0)
(9.984128276 -0.1931499134 0)
(0 -0.09657495668 0)
(0.09984128276 -0.09657495668 0)
(0.1996825655 -0.09657495668 0)
(0.2995238483 -0.09657495668 0)
(0.399365131 -0.09657495668 0)
(0.4992064138 -0.09657495668 0)
(0.5990476966 -0.09657495668 0)
(0.6988889793 -0.09657495668 0)
(0.7987302621 -0.09657495668 0)
(0.8985715448 -0.09657495668 0)
(0.9984128276 -0.09657495668 0)
(1.09825411 -0.09657495668 0)
(1.198095393 -0.09657495668 0)
(1.297936676 -0.09657495668 0)
(1.397777959 -0.09657495668 0)
(1.497619241 -0.09657495668 0)
(1.597460524 -0.09657495668 0)
(1.697301807 -0.09657495668 0)
(1.79714309 -0.09657495668 0)
(1.896984372 -0.09657495668 0)
(1.996825655 -0.09657495668 0)
(2.096666938 -0.09657495668 0)
(2.196508221 -0.09657495668 0)
(2.296349503 -0.09657495668 0)
(2.396190786 -0.09657495668 0)
(2.496032069 -0.09657495668 0)
(2.595873352 -0.09657495668 0)
(2.695714635 -0.09657495668 0)
(2.795555917 -0.09657495668 0)
(2.8953972 -0.09657495668 0)
(2.995238483 -0.09657495668 0)
(3.095079766 -0.09657495668 0)
(3.194921048 -0.09657495668 0)
(3.294762331 -0.09657495668 0)
(3.394603614 -0.09657495668 0)
(3.494444897 -0.09657495668 0)
(3.594286179 -0.09657495668 0)
(3.694127462 -0.09657495668 0)
(3.793968745 -0.09657495668 0)
(3.893810028 -0.09657495668 0)
(3.99365131 -0.09657495668 0)
(4.093492593 -0.09657495668 0)
(4.193333876 -0.09657495668 0)
(4.293175159 -0.09657495668 0)
(4.393016441 -0.09657495668 0)
(4.492857724 -0.09657495668 0)
(4.592699007 -0.09657495668 0)
(4.69254029 -0.09657495668 0)
(4.792381572 -0.09657495668 0)
(4.892222855 -0.09657495668 0)
(4.992064138 -0.09657495668 0)
(5.091905421 -0.09657495668 0)
(5.191746704 -0.09657495668 0)
(5.291587986 -0.09657495668 0)
(5.391429269 -0.09657495668 0)
(5.491270552 -0.09657495668 0)
(5.591111835 -0.09657495668 0)
(5.690953117 -0.09657495668 0)
(5.7907944 -0.09657495668 0)
(5.890635683 -0.09657495668 0)
(5.990476966 -0.09657495668 0)
(6.090318248 -0.09657495668 0)
(6.190159531 -0.09657495668 0)
(6.290000814 -0.09657495668 0)
(6.389842097 -0.09657495668 0)
(6.489683379 -0.09657495668 0)
(6.589524662 -0.09657495668 0)
(6.689365945 -0.09657495668 0)
(6.789207228 -0.09657495668 0)
(6.88904851 -0.09657495668 0)
(6.988889793 -0.09657495668 0)
(7.088731076 -0.09657495668 0)
(7.188572359 -0.09657495668 0)
(7.288413641 -0.09657495668 0)
(7.388254924 -0.09657495668 0)
(7.488096207 -0.09657495668 0)
(7.58793749 -0.09657495668 0)
(7.687778773 -0.09657495668 0)
(7.787620055 -0.09657495668 0)
(7.887461338 -0.09657495668 0)
(7.987302621 -0.09657495668 0)
(8.087143904 -0.09657495668 0)
(8.186985186 -0.09657495668 0)
(8.286826469 -0.09657495668 0)
(8.386667752 -0.09657495668 0)
(8.486509035 -0.09657495668 0)
(8.586350317 -0.09657495668 0)
(8.6861916 -0.09657495668 0)
(8.786032883 -0.09657495668 0)
(8.885874166 -0.09657495668 0)
(8.985715448 -0.09657495668 0)
(9.085556731 -0.09657495668 0)
(9.185398014 -0.09657495668 0)
(9.285239297 -0.09657495668 0)
(9.385080579 -0.09657495668 0)
(9.484921862 -0.09657495668 0)
(9.584763145 -0.09657495668 0)
(9.684604428 -0.09657495668 0)
(9.78444571 -0.09657495668 0)
(9.884286993 -0.09657495668 0)
(9.984128276 -0.09657495668 0)
(0 0 0)
(0.09984128276 0 0)
(0.1996825655 0 0)
(0.2995238483 0 0)
(0.399365131 0 0)
(0.4992064138 0 0)
(0.5990476966 0 0)
(0.6988889793 0 0)
(0.7987302621 0 0)
(0.8985715448 0 0)
(0.9984128276 0 0)
(1.09825411 0 0)
(1.198095393 9.251858539e-18 0)
(1.297936676 0 0)
(1.397777959 0 0)
(1.497619241 0 0)
(1.597460524 0 0)
(1.697301807 0 0)
(1.79714309 0 0)
(1.896984372 0 0)
(1.996825655 0 0)
(2.096666938 0 0)
(2.196508221 0 0)
(2.296349503 0 0)
(2.396190786 0 0)
(2.496032069 0 0)
(2.595873352 0 0)
(2.695714635 0 0)
(2.795555917 0 0)
(2.8953972 -9.251858539e-18 0)
(2.995238483 -9.251858539e-18 0)
(3.095079766 -9.251858539e-18 0)
(3.194921048 0 0)
(3.294762331 0 0)
(3.394603614 0 0)
(3.494444897 0 0)
(3.594286179 0 0)
(3.694127462 0 0)
(3.793968745 -9.251858539e-18 0)
(3.893810028 -9.251858539e-18 0)
(3.99365131 -9.251858539e-18 0)
(4.093492593 0 0)
(4.193333876 0 0)
(4.293175159 0 0)
(4.393016441 0 0)
(4.492857724 0 0)
(4.592699007 0 0)
(4.69254029 0 0)
(4.792381572 0 0)
(4.892222855 0 0)
(4.992064138 0 0)
(5.091905421 0 0)
(5.191746704 0 0)
(5.291587986 0 0)
(5.391429269 0 0)
(5.491270552 0 0)
(5.591111835 0 0)
(5.690953117 -4.625929269e-18 0)
(5.7907944 -4.625929269e-18 0)
(5.890635683 -4.625929269e-18 0)
(5.990476966 -4.625929269e-18 0)
(6.090318248 -4.625929269e-18 0)
(6.190159531 -4.625929269e-18 0)
(6.290000814 4.625929269e-18 0)
(6.389842097 4.625929269e-18 0)
(6.489683379 4.625929269e-18 0)
(6.589524662 4.625929269e-18 0)
(6.689365945 4.625929269e-18 0)
(6.789207228 4.625929269e-18 0)
(6.88904851 0 0)
(6.988889793 0 0)
(7.088731076 0 0)
(7.188572359 0 0)
(7.288413641 0 0)
(7.388254924 0 0)
(7.488096207 0 0)
(7.58793749 0 0)
(7.687778773 0 0)
(7.787620055 0 0)
(7.887461338 -2.312964635e-18 0)
(7.987302621 -2.312964635e-18 0)
(8.087143904 -2.312964635e-18 0)
(8.186985186 -2.312964635e-18 0)
(8.286826469 -2.312964635e-18 0)
(8.386667752 -2.312964635e-18 0)
(8.486509035 -4.625929269e-18 0)
(8.586350317 -4.625929269e-18 0)
(8.6861916 -4.625929269e-18 0)
(8.786032883 4.625929269e-18 0)
(8.885874166 4.625929269e-18 0)
(8.985715448 3.469446952e-18 0)
(9.085556731 3.469446952e-18 0)
(9.185398014 3.469446952e-18 0)
(9.285239297 2.312964635e-18 0)
(9.385080579 2.312964635e-18 0)
(9.484921862 1.734723476e-18 0)
(9.584763145 1.156482317e-18 0)
(9.684604428 1.156482317e-18 0)
(9.78444571 5.782411587e-19 0)
(9.884286993 2.891205793e-19 0)
(9.984128276 0 0)
(0 0.09657495668 0)
(0.09984128276 0.09657495668 0)
(0.1996825655 0.09657495668 0)
(0.2995238483 0.09657495668 0)
(0.399365131 0.09657495668 0)
(0.4992064138 0.09657495668 0)
(0.5990476966 0.09657495668 0)
(0.6988889793 0.09657495668 0)
(0.7987302621 0.09657495668 0)
(0.8985715448 0.09657495668 0)
(0.9984128276 0.09657495668 0)
(1.09825411 0.09657495668 0)
(1.198095393 0.09657495668 0)
(1.297936676 0.09657495668 0)
(1.397777959 0.09657495668 0)
(1.497619241 0.09657495668 0)
(1.597460524 0.09657495668 0)
(1.697301807 0.09657495668 0)
(1.79714309 0.09657495668 0)
(1.896984372 0.09657495668 0)
(1.996825655 0.09657495668 0)
(2.096666938 0.09657495668 0)
(2.196508221 0.09657495668 0)
(2.296349503 0.09657495668 0)
(2.396190786 0.09657495668 0)
(2.496032069 0.09657495668 0)
(2.595873352 0.09657495668 0)
(2.695714635 0.09657495668 0)
(2.795555917 0.09657495668 0)
(2.8953972 0.09657495668 0)
(2.995238483 0.09657495668 0)
(3.095079766 0.09657495668 0)
(3.194921048 0.09657495668 0)
(3.294762331 0.09657495668 0)
(3.394603614 0.09657495668 0)
(3.494444897 0.09657495668 0)
(3.594286179 0.09657495668 0)
(3.694127462 0.09657495668 0)
(3.793968745 0.09657495668 0)
(3.893810028 0.09657495668 0)
(3.99365131 0.09657495668 0)
(4.093492593 0.09657495668 0)
(4.193333876 0.09657495668 0)
(4.293175159 0.09657495668 0)
(4.393016441 0.09657495668 0)
(4.492857724 0.09657495668 0)
(4.592699007 0.09657495668 0)
(4.69254029 0.09657495668 0)
(4.792381572 0.09657495668 0)
(4.892222855 0.09657495668 0)
(4.992064138 0.09657495668 0)
(5.091905421 0.09657495668 0)
(5.191746704 0.09657495668 0)
(5.291587986 0.09657495668 0)
(5.391429269 0.09657495668 0)
(5.491270552 0.09657495668 0)
(5.591111835 0.09657495668 0)
(5.690953117 0.09657495668 0)
(5.7907944 0.09657495668 0)
(5.890635683 0.09657495668 0)
(5.990476966 0.09657495668 0)
(6.090318248 0.09657495668 0)
(6.190159531 0.09657495668 0)
(6.290000814 0.09657495668 0)
(6.389842097 0.09657495668 0)
(6.489683379 0.09657495668 0)
(6.589524662 0.09657495668 0)
(6.689365945 0.09657495668 0)
(6.789207228 0.09657495668 0)
(6.88904851 0.09657495668 0)
(6.988889793 0.09657495668 0)
(7.088731076 0.09657495668 0)
(7.188572359 0.09657495668 0)
(7.288413641 0.09657495668 0)
(7.388254924 0.09657495668 0)
(7.488096207 0.09657495668 0)
(7.58793749 0.09657495668 0)
(7.687778773 0.09657495668 0)
(7.787620055 0.09657495668 0)
(7.887461338 0.09657495668 0)
(7.987302621 0.09657495668 0)
(8.087143904 0.09657495668 0)
(8.186985186 0.09657495668 0)
(8.286826469 0.09657495668 0)
(8.386667752 0.09657495668 0)
(8.486509035 0.09657495668 0)
(8.586350317 0.09657495668 0)
(8.6861916 0.09657495668 0)
(8.786032883 0.09657495668 0)
(8.885874166 0.09657495668 0)
(8.985715448 0.09657495668 0)
(9.085556731 0.09657495668 0)
(9.185398014 0.09657495668 0)
(9.285239297 0.09657495668 0)
(9.385080579 0.09657495668 0)
(9.484921862 0.09657495668 0)
(9.584763145 0.09657495668 0)
(9.684604428 0.09657495668 0)
(9.78444571 0.09657495668 0)
(9.884286993 0.09657495668 0)
(9.984128276 0.09657495668 0)
(0 0.1931499134 0)
(0.09984128276 0.1931499134 0)
(0.1996825655 0.1931499134 0)
(0.2995238483 0.1931499134 0)
(0.399365131 0.1931499134 0)
(0.4992064138 0.1931499134 0)
(0.5990476966 0.1931499134 0)
(0.6988889793 0.1931499134 0)
(0.7987302621 0.1931499134 0)
(0.8985715448 0.1931499134 0)
(0.9984128276 0.1931499134 0)
(1.09825411 0.1931499134 0)
(1.198095393 0.1931499134 0)
(1.297936676 0.1931499134 0)
(1.397777959 0.1931499134 0)
(1.497619241 0.1931499134 0)
(1.597460524 0.1931499134 0)
(1.697301807 0.1931499134 0)
(1.79714309 0.1931499134 0)
(1.896984372 0.1931499134 0)
(1.996825655 0.1931499134 0)
(2.096666938 0.1931499134 0)
(2.196508221 0.1931499134 0)
(2.296349503 0.1931499134 0)
(2.396190786 0.1931499134 0)
(2.496032069 0.1931499134 0)
(2.595873352 0.1931499134 0)
(2.695714635 0.1931499134 0)
(2.795555917 0.1931499134 0)
(2.8953972 0.1931499134 0)
(2.995238483 0.1931499134 0)
(3.095079766 0.1931499134 0)
(3.194921048 0.1931499134 0)
(3.294762331 0.1931499134 0)
(3.394603614 0.1931499134 0)
(3.494444897 0.1931499134 0)
(3.594286179 0.1931499134 0)
(3.694127462 0.1931499134 0)
(3.793968745 0.1931499134 0)
(3.893810028 0.1931499134 0)
(3.99365131 0.1931499134 0)
(4.093492593 0.1931499134 0)
(4.193333876 0.1931499134 0)
(4.293175159 0.1931499134 0)
(4.393016441 0.1931499134 0)
(4.492857724 0.1931499134 0)
(4.592699007 0.1931499134 0)
(4.69254029 0.1931499134 0)
(4.792381572 0.1931499134 0)
(4.892222855 0.1931499134 0)
(4.992064138 0.1931499134 0)
(5.091905421 0.1931499134 0)
(5.191746704 0.1931499134 0)
(5.291587986 0.1931499134 0)
(5.391429269 0.1931499134 0)
(5.491270552 0.1931499134 0)
(5.591111835 0.1931499134 0)
(5.690953117 0.1931499134 0)
(5.7907944 0.1931499134 0)
(5.890635683 0.1931499134 0)
(5.990476966 0.1931499134 0)
(6.090318248 0.1931499134 0)
(6.190159531 0.1931499134 0)
(6.290000814 0.1931499134 0)
(6.389842097 0.1931499134 0)
(6.489683379 0.1931499134 0)
(6.589524662 0.1931499134 0)
(6.689365945 0.1931499134 0)
(6.789207228 0.1931499134 0)
(6.88904851 0.1931499134 0)
(6.988889793 0.1931499134 0)
(7.088731076 0.1931499134 0)
(7.188572359 0.1931499134 0)
(7.288413641 0.1931499134 0)
(7.388254924 0.1931499134 0)
(7.488096207 0.1931499134 0)
(7.58793749 0.1931499134 0)
(7.687778773 0.1931499134 0)
(7.787620055 0.1931499134 0)
(7.887461338 0.1931499134 0)
(7.987302621 0.1931499134 0)
(8.087143904 0.1931499134 0)
(8.186985186 0.1931499134 0)
(8.286826469 0.1931499134 0)
(8.386667752 0.1931499134 0)
(8.486509035 0.1931499134 0)
(8.586350317 0.1931499134 0)
(8.6861916 0.1931499134 0)
(8.786032883 0.1931499134 0)
(8.885874166 0.1931499134 0)
(8.985715448 0.1931499134 0)
(9.085556731 0.1931499134 0)
(9.185398014 0.1931499134 0)
(9.285239297 0.1931499134 0)
(9.385080579 0.1931499134 0)
(9.484921862 0.1931499134 0)
(9.584763145 0.1931499134 0)
(9.684604428 0.1931499134 0)
(9.78444571 0.1931499134 0)
(9.884286993 0.1931499134 0)
(9.984128276 0.1931499134 0)
(0 0.28972487 0)
(0.09984128276 0.28972487 0)
(0.1996825655 0.28972487 0)
(0.2995238483 0.28972487 0)
(0.399365131 0.28972487 0)
(0.4992064138 0.28972487 0)
(0.5990476966 0.28972487 0)
(0.6988889793 0.28972487 0)
(0.7987302621 0.28972487 0)
(0.8985715448 0.28972487 0)
(0.9984128276 0.28972487 0)
(1.09825411 0.28972487 0)
(1.198095393 0.28972487 0)
(1.297936676 0.28972487 0)
(1.397777959 0.28972487 0)
(1.497619241 0.28972487 0)
(1.597460524 0.28972487 0)
(1.697301807 0.28972487 0)
(1.79714309 0.28972487 0)
(1.896984372 0.28972487 0)
(1.996825655 0.28972487 0)
(2.096666938 0.28972487 0)
(2.196508221 0.28972487 0)
(2.296349503 0.28972487 0)
(2.396190786 0.28972487 0)
(2.496032069 0.28972487 0)
(2.595873352 0.28972487 0)
(2.695714635 0.28972487 0)
(2.795555917 0.28972487 0)
(2.8953972 0.28972487 0)
(2.995238483 0.28972487 0)
(3.095079766 0.28972487 0)
(3.194921048 0.28972487 0)
(3.294762331 0.28972487 0)
(3.394603614 0.28972487 0)
(3.494444897 0.28972487 0)
(3.594286179 0.28972487 0)
(3.694127462 0.28972487 0)
(3.793968745 0.28972487 0)
(3.893810028 0.28972487 0)
(3.99365131 0.28972487 0)
(4.093492593 0.28972487 0)
(4.193333876 0.28972487 0)
(4.293175159 0.28972487 0)
(4.393016441 0.28972487 0)
(4.492857724 0.28972487 0)
(4.592699007 0.28972487 0)
(4.69254029 0.28972487 0)
(4.792381572 0.28972487 0)
(4.892222855 0.28972487 0)
(4.992064138 0.28972487 0)
(5.091905421 0.28972487 0)
(5.191746704 0.28972487 0)
(5.291587986 0.28972487 0)
(5.391429269 0.28972487 0)
(5.491270552 0.28972487 0)
(5.591111835 0.28972487 0)
(5.690953117 0.28972487 0)
(5.7907944 0.28972487 0)
(5.890635683 0.28972487 0)
(5.990476966 0.28972487 0)
(6.090318248 0.28972487 0)
(6.190159531 0.28972487 0)
(6.290000814 0.28972487 0)
(6.389842097 0.28972487 0)
(6.489683379 0.28972487 0)
(6.589524662 0.28972487 0)
(6.689365945 0.28972487 0)
(6.789207228 0.28972487 0)
(6.88904851 0.28972487 0)
(6.988889793 0.28972487 0)
(7.088731076 0.28972487 0)
(7.188572359 0.28972487 0)
(7.288413641 0.28972487 0)
(7.388254924 0.28972487 0)
(7.488096207 0.28972487 0)
(7.58793749 0.28972487 0)
(7.687778773 0.28972487 0)
(7.787620055 0.28972487 0)
(7.887461338 0.28972487 0)
(7.987302621 0.28972487 0)
(8.087143904 0.28972487 0)
(8.186985186 0.28972487 0)
(8.286826469 0.28972487 0)
(8.386667752 0.28972487 0)
(8.486509035 0.28972487 0)
(8.586350317 0.28972487 0)
(8.6861916 0.28972487 0)
(8.786032883 0.28972487 0)
(8.885874166 0.28972487 0)
(8.985715448 0.28972487 0)
(9.085556731 0.28972487 0)
(9.185398014 0.28972487 0)
(9.285239297 0.28972487 0)
(9.385080579 0.28972487 0)
(9.484921862 0.28972487 0)
(9.584763145 0.28972487 0)
(9.684604428 0.28972487 0)
(9.78444571 0.28972487 0)
(9.884286993 0.28972487 0)
(9.984128276 0.28972487 0)
(0 0.3862998267 0)
(0.09984128276 0.3862998267 0)
(0.1996825655 0.3862998267 0)
(0.2995238483 0.3862998267 0)
(0.399365131 0.3862998267 0)
(0.4992064138 0.3862998267 0)
(0.5990476966 0.3862998267 0)
(0.6988889793 0.3862998267 0)
(0.7987302621 0.3862998267 0)
(0.8985715448 0.3862998267 0)
(0.9984128276 0.3862998267 0)
(1.09825411 0.3862998267 0)
(1.198095393 0.3862998267 0)
(1.297936676 0.3862998267 0)
(1.397777959 0.3862998267 0)
(1.497619241 0.3862998267 0)
(1.597460524 0.3862998267 0)
(1.697301807 0.3862998267 0)
(1.79714309 0.3862998267 0)
(1.896984372 0.3862998267 0)
(1.996825655 0.3862998267 0)
(2.096666938 0.3862998267 0)
(2.196508221 0.3862998267 0)
(2.296349503 0.3862998267 0)
(2.396190786 0.3862998267 0)
(2.496032069 0.3862998267 0)
(2.595873352 0.3862998267 0)
(2.695714635 0.3862998267 0)
(2.795555917 0.3862998267 0)
(2.8953972 0.3862998267 0)
(2.995238483 0.3862998267 0)
(3.095079766 0.3862998267 0)
(3.194921048 0.3862998267 0)
(3.294762331 0.3862998267 0)
(3.394603614 0.3862998267 0)
(3.494444897 0.3862998267 0)
(3.594286179 0.3862998267 0)
(3.694127462 0.3862998267 0)
(3.793968745 0.3862998267 0)
(3.893810028 0.3862998267 0)
(3.99365131 0.3862998267 0)
(4.093492593 0.3862998267 0)
(4.193333876 0.3862998267 0)
(4.293175159 0.3862998267 0)
(4.393016441 0.3862998267 0)
(4.492857724 0.3862998267 0)
(4.592699007 0.3862998267 0)
(4.69254029 0.3862998267 0)
(4.792381572 0.3862998267 0)
(4.892222855 0.3862998267 0)
(4.992064138 0.3862998267 0)
(5.091905421 0.3862998267 0)
(5.191746704 0.3862998267 0)
(5.291587986 0.3862998267 0)
(5.391429269 0.3862998267 0)
(5.491270552 0.3862998267 0)
(5.591111835 0.3862998267 0)
(5.690953117 0.3862998267 0)
(5.7907944 0.3862998267 0)
(5.890635683 0.3862998267 0)
(5.990476966 0.3862998267 0)
(6.090318248 0.3862998267 0)
(6.190159531 0.3862998267 0)
(6.290000814 0.3862998267 0)
(6.389842097 0.3862998267 0)
(6.489683379 0.3862998267 0)
(6.589524662 0.3862998267 0)
(6.689365945 0.3862998267 0)
(6.789207228 0.3862998267 0)
(6.88904851 0.3862998267 0)
(6.988889793 0.3862998267 0)
(7.088731076 0.3862998267 0)
(7.188572359 0.3862998267 0)
(7.288413641 0.3862998267 0)
(7.388254924 0.3862998267 0)
(7.488096207 0.3862998267 0)
(7.58793749 0.3862998267 0)
(7.687778773 0.3862998267 0)
(7.787620055 0.3862998267 0)
(7.887461338 0.3862998267 0)
(7.987302621 0.3862998267 0)
(8.087143904 0.3862998267 0)
(8.186985186 0.3862998267 0)
(8.286826469 0.3862998267 0)
(8.386667752 0.3862998267 0)
(8.486509035 0.3862998267 0)
(8.586350317 0.3862998267 0)
(8.6861916 0.3862998267 0)
(8.786032883 0.3862998267 0)
(8.885874166 0.3862998267 0)
(8.985715448 0.3862998267 0)
(9.085556731 0.3862998267 0)
(9.185398014 0.3862998267 0)
(9.285239297 0.3862998267 0)
(9.385080579 0.3862998267 0)
(9.484921862 0.3862998267 0)
(9.584763145 0.3862998267 0)
(9.684604428 0.3862998267 0)
(9.78444571 0.3862998267 0)
(9.884286993 0.3862998267 0)
(9.984128276 0.3862998267 0)
(0 0.4828747834 0)
(0.09984128276 0.4828747834 0)
(0.1996825655 0.4828747834 0)
(0.2995238483 0.4828747834 0)
(0.399365131 0.4828747834 0)
(0.4992064138 0.4828747834 0)
(0.5990476966 0.4828747834 0)
(0.6988889793 0.4828747834 0)
(0.7987302621 0.4828747834 0)
(0.8985715448 0.4828747834 0)
(0.9984128276 0.4828747834 0)
(1.09825411 0.4828747834 0)
(1.198095393 0.4828747834 0)
(1.297936676 0.4828747834 0)
(1.397777959 0.4828747834 0)
(1.497619241 0.4828747834 0)
(1.597460524 0.4828747834 0)
(1.697301807 0.4828747834 0)
(1.79714309 0.4828747834 0)
(1.896984372 0.4828747834 0)
(1.996825655 0.4828747834 0)
(2.096666938 0.4828747834 0)
(2.196508221 0.4828747834 0)
(2.296349503 0.4828747834 0)
(2.396190786 0.4828747834 0)
(2.496032069 0.4828747834 0)
(2.595873352 0.4828747834 0)
(2.695714635 0.4828747834 0)
(2.795555917 0.4828747834 0)
(2.8953972 0.4828747834 0)
(2.995238483 0.4828747834 0)
(3.095079766 0.4828747834 0)
(3.194921048 0.4828747834 0)
(3.294762331 0.4828747834 0)
(3.394603614 0.4828747834 0)
(3.494444897 0.4828747834 0)
(3.594286179 0.4828747834 0)
(3.694127462 0.4828747834 0)
(3.793968745 0.4828747834 0)
(3.893810028 0.4828747834 0)
(3.99365131 0.4828747834 0)
(4.093492593 0.4828747834 0)
(4.193333876 0.4828747834 0)
(4.293175159 0.4828747834 0)
(4.393016441 0.4828747834 0)
(4.492857724 0.4828747834 0)
(4.592699007 0.4828747834 0)
(4.69254029 0.4828747834 0)
(4.792381572 0.4828747834 0)
(4.892222855 0.4828747834 0)
(4.992064138 0.4828747834 0)
(5.091905421 0.4828747834 0)
(5.191746704 0.4828747834 0)
(5.291587986 0.4828747834 0)
(5.391429269 0.4828747834 0)
(5.491270552 0.4828747834 0)
(5.591111835 0.4828747834 0)
(5.690953117 0.4828747834 0)
(5.7907944 0.4828747834 0)
(5.890635683 0.4828747834 0)
(5.990476966 0.4828747834 0)
(6.090318248 0.4828747834 0)
(6.190159531 0.4828747834 0)
(6.290000814 0.4828747834 0)
(6.389842097 0.4828747834 0)
(6.489683379 0.4828747834 0)
(6.589524662 0.4828747834 0)
(6.689365945 0.4828747834 0)
(6.789207228 0.4828747834 0)
(6.88904851 0.4828747834 0)
(6.988889793 0.4828747834 0)
(7.088731076 0.4828747834 0)
(7.188572359 0.4828747834 0)
(7.288413641 0.4828747834 0)
(7.388254924 0.4828747834 0)
(7.488096207 0.4828747834 0)
(7.58793749 0.4828747834 0)
(7.687778773 0.4828747834 0)
(7.787620055 0.4828747834 0)
(7.887461338 0.4828747834 0)
(7.987302621 0.4828747834 0)
(8.087143904 0.4828747834 0)
(8.186985186 0.4828747834 0)
(8.286826469 0.4828747834 0)
(8.386667752 0.4828747834 0)
(8.486509035 0.4828747834 0)
(8.586350317 0.4828747834 0)
(8.6861916 0.4828747834 0)
(8.786032883 0.4828747834 0)
(8.885874166 0.4828747834 0)
(8.985715448 0.4828747834 0)
(9.085556731 0.4828747834 0)
(9.185398014 0.4828747834 0)
(9.285239297 0.4828747834 0)
(9.385080579 0.4828747834 0)
(9.484921862 0.4828747834 0)
(9.584763145 0.4828747834 0)
(9.684604428 0.4828747834 0)
(9.78444571 0.4828747834 0)
(9.884286993 0.4828747834 0)
(9.984128276 0.4828747834 0)
(0 -0.4828747834 0.1)
(0.09984128276 -0.4828747834 0.1)
(0.1996825655 -0.4828747834 0.1)
(0.2995238483 -0.4828747834 0.1)
(0.399365131 -0.4828747834 0.1)
(0.4992064138 -0.4828747834 0.1)
(0.5990476966 -0.4828747834 0.1)
(0.6988889793 -0.4828747834 0.1)
(0.7987302621 -0.4828747834 0.1)
(0.8985715448 -0.4828747834 0.1)
(0.9984128276 -0.4828747834 0.1)
(1.09825411 -0.4828747834 0.1)
(1.198095393 -0.4828747834 0.1)
(1.297936676 -0.4828747834 0.1)
(1.397777959 -0.4828747834 0.1)
(1.497619241 -0.4828747834 0.1)
(1.597460524 -0.4828747834 0.1)
(1.697301807 -0.4828747834 0.1)
(1.79714309 -0.4828747834 0.1)
(1.896984372 -0.4828747834 0.1)
(1.996825655 -0.4828747834 0.1)
(2.096666938 -0.4828747834 0.1)
(2.196508221 -0.4828747834 0.1)
(2.296349503 -0.4828747834 0.1)
(2.396190786 -0.4828747834 0.1)
(2.496032069 -0.4828747834 0.1)
(2.595873352 -0.4828747834 0.1)
(2.695714635 -0.4828747834 0.1)
(2.795555917 -0.4828747834 0.1)
(2.8953972 -0.4828747834 0.1)
(2.995238483 -0.4828747834 0.1)
(3.095079766 -0.4828747834 0.1)
(3.194921048 -0.4828747834 0.1)
(3.294762331 -0.4828747834 0.1)
(3.394603614 -0.4828747834 0.1)
(3.494444897 -0.4828747834 0.1)
(3.594286179 -0.4828747834 0.1)
(3.694127462 -0.4828747834 0.1)
(3.793968745 -0.4828747834 0.1)
(3.893810028 -0.4828747834 0.1)
(3.99365131 -0.4828747834 0.1)
(4.093492593 -0.4828747834 0.1)
(4.193333876 -0.4828747834 0.1)
(4.293175159 -0.4828747834 0.1)
(4.393016441 -0.4828747834 0.1)
(4.492857724 -0.4828747834 0.1)
(4.592699007 -0.4828747834 0.1)
(4.69254029 -0.4828747834 0.1)
(4.792381572 -0.4828747834 0.1)
(4.892222855 -0.4828747834 0.1)
(4.992064138 -0.4828747834 0.1)
(5.091905421 -0.4828747834 0.1)
(5.191746704 -0.4828747834 0.1)
(5.291587986 -0.4828747834 0.1)
(5.391429269 -0.4828747834 0.1)
(5.491270552 -0.4828747834 0.1)
(5.591111835 -0.4828747834 0.1)
(5.690953117 -0.4828747834 0.1)
(5.7907944 -0.4828747834 0.1)
(5.890635683 -0.4828747834 0.1)
(5.990476966 -0.4828747834 0.1)
(6.090318248 -0.4828747834 0.1)
(6.190159531 -0.4828747834 0.1)
(6.290000814 -0.4828747834 0.1)
(6.389842097 -0.4828747834 0.1)
(6.489683379 -0.4828747834 0.1)
(6.589524662 -0.4828747834 0.1)
(6.689365945 -0.4828747834 0.1)
(6.789207228 -0.4828747834 0.1)
(6.88904851 -0.4828747834 0.1)
(6.988889793 -0.4828747834 0.1)
(7.088731076 -0.4828747834 0.1)
(7.188572359 -0.4828747834 0.1)
(7.288413641 -0.4828747834 0.1)
(7.388254924 -0.4828747834 0.1)
(7.488096207 -0.4828747834 0.1)
(7.58793749 -0.4828747834 0.1)
(7.687778773 -0.4828747834 0.1)
(7.787620055 -0.4828747834 0.1)
(7.887461338 -0.4828747834 0.1)
(7.987302621 -0.4828747834 0.1)
(8.087143904 -0.4828747834 0.1)
(8.186985186 -0.4828747834 0.1)
(8.286826469 -0.4828747834 0.1)
(8.386667752 -0.4828747834 0.1)
(8.486509035 -0.4828747834 0.1)
(8.586350317 -0.4828747834 0.1)
(8.6861916 -0.4828747834 0.1)
(8.786032883 -0.4828747834 0.1)
(8.885874166 -0.4828747834 0.1)
(8.985715448 -0.4828747834 0.1)
(9.085556731 -0.4828747834 0.1)
(9.185398014 -0.4828747834 0.1)
(9.285239297 -0.4828747834 0.1)
(9.385080579 -0.4828747834 0.1)
(9.484921862 -0.4828747834 0.1)
(9.584763145 -0.4828747834 0.1)
(9.684604428 -0.4828747834 0.1)
(9.78444571 -0.4828747834 0.1)
(9.884286993 -0.4828747834 0.1)
(9.984128276 -0.4828747834 0.1)
(0 -0.3862998267 0.1)
(0.09984128276 -0.3862998267 0.1)
(0.1996825655 -0.3862998267 0.1)
(0.2995238483 -0.3862998267 0.1)
(0.399365131 -0.3862998267 0.1)
(0.4992064138 -0.3862998267 0.1)
(0.5990476966 -0.3862998267 0.1)
(0.6988889793 -0.3862998267 0.1)
(0.7987302621 -0.3862998267 0.1)
(0.8985715448 -0.3862998267 0.1)
(0.9984128276 -0.3862998267 0.1)
(1.09825411 -0.3862998267 0.1)
(1.198095393 -0.3862998267 0.1)
(1.297936676 -0.3862998267 0.1)
(1.397777959 -0.3862998267 0.1)
(1.497619241 -0.3862998267 0.1)
(1.597460524 -0.3862998267 0.1)
(1.697301807 -0.3862998267 0.1)
(1.79714309 -0.3862998267 0.1)
(1.896984372 -0.3862998267 0.1)
(1.996825655 -0.3862998267 0.1)
(2.096666938 -0.3862998267 0.1)
(2.196508221 -0.3862998267 0.1)
(2.296349503 -0.3862998267 0.1)
(2.396190786 -0.3862998267 0.1)
(2.496032069 -0.3862998267 0.1)
(2.595873352 -0.3862998267 0.1)
(2.695714635 -0.3862998267 0.1)
(2.795555917 -0.3862998267 0.1)
(2.8953972 -0.3862998267 0.1)
(2.995238483 -0.3862998267 0.1)
(3.095079766 -0.3862998267 0.1)
(3.194921048 -0.3862998267 0.1)
(3.294762331 -0.3862998267 0.1)
(3.394603614 -0.3862998267 0.1)
(3.494444897 -0.3862998267 0.1)
(3.594286179 -0.3862998267 0.1)
(3.694127462 -0.3862998267 0.1)
(3.793968745 -0.3862998267 0.1)
(3.893810028 -0.3862998267 0.1)
(3.99365131 -0.3862998267 0.1)
(4.093492593 -0.3862998267 0.1)
(4.193333876 -0.3862998267 0.1)
(4.293175159 -0.3862998267 0.1)
(4.393016441 -0.3862998267 0.1)
(4.492857724 -0.3862998267 0.1)
(4.592699007 -0.3862998267 0.1)
(4.69254029 -0.3862998267 0.1)
(4.792381572 -0.3862998267 0.1)
(4.892222855 -0.3862998267 0.1)
(4.992064138 -0.3862998267 0.1)
(5.091905421 -0.3862998267 0.1)
(5.191746704 -0.3862998267 0.1)
(5.291587986 -0.3862998267 0.1)
(5.391429269 -0.3862998267 0.1)
(5.491270552 -0.3862998267 0.1)
(5.591111835 -0.3862998267 0.1)
(5.690953117 -0.3862998267 0.1)
(5.7907944 -0.3862998267 0.1)
(5.890635683 -0.3862998267 0.1)
(5.990476966 -0.3862998267 0.1)
(6.090318248 -0.3862998267 0.1)
(6.190159531 -0.3862998267 0.1)
(6.290000814 -0.3862998267 0.1)
(6.389842097 -0.3862998267 0.1)
(6.489683379 -0.3862998267 0.1)
(6.589524662 -0.3862998267 0.1)
(6.689365945 -0.3862998267 0.1)
(6.789207228 -0.3862998267 0.1)
(6.88904851 -0.3862998267 0.1)
(6.988889793 -0.3862998267 0.1)
(7.088731076 -0.3862998267 0.1)
(7.188572359 -0.3862998267 0.1)
(7.288413641 -0.3862998267 0.1)
(7.388254924 -0.3862998267 0.1)
(7.488096207 -0.3862998267 0.1)
(7.58793749 -0.3862998267 0.1)
(7.687778773 -0.3862998267 0.1)
(7.787620055 -0.3862998267 0.1)
(7.887461338 -0.3862998267 0.1)
(7.987302621 -0.3862998267 0.1)
(8.087143904 -0.3862998267 0.1)
(8.186985186 -0.3862998267 0.1)
(8.286826469 -0.3862998267 0.1)
(8.386667752 -0.3862998267 0.1)
(8.486509035 -0.3862998267 0.1)
(8.586350317 -0.3862998267 0.1)
(8.6861916 -0.3862998267 0.1)
(8.786032883 -0.3862998267 0.1)
(8.885874166 -0.3862998267 0.1)
(8.985715448 -0.3862998267 0.1)
(9.085556731 -0.3862998267 0.1)
(9.185398014 -0.3862998267 0.1)
(9.285239297 -0.3862998267 0.1)
(9.385080579 -0.3862998267 0.1)
(9.484921862 -0.3862998267 0.1)
(9.584763145 -0.3862998267 0.1)
(9.684604428 -0.3862998267 0.1)
(9.78444571 -0.3862998267 0.1)
(9.884286993 -0.3862998267 0.1)
(9.984128276 -0.3862998267 0.1)
(0 -0.28972487 0.1)
(0.09984128276 -0.28972487 0.1)
(0.1996825655 -0.28972487 0.1)
(0.2995238483 -0.28972487 0.1)
(0.399365131 -0.28972487 0.1)
(0.4992064138 -0.28972487 0.1)
(0.5990476966 -0.28972487 0.1)
(0.6988889793 -0.28972487 0.1)
(0.7987302621 -0.28972487 0.1)
(0.8985715448 -0.28972487 0.1)
(0.9984128276 -0.28972487 0.1)
(1.09825411 -0.28972487 0.1)
(1.198095393 -0.28972487 0.1)
(1.297936676 -0.28972487 0.1)
(1.397777959 -0.28972487 0.1)
(1.497619241 -0.28972487 0.1)
(1.597460524 -0.28972487 0.1)
(1.697301807 -0.28972487 0.1)
(1.79714309 -0.28972487 0.1)
(1.896984372 -0.28972487 0.1)
(1.996825655 -0.28972487 0.1)
(2.096666938 -0.28972487 0.1)
(2.196508221 -0.28972487 0.1)
(2.296349503 -0.28972487 0.1)
(2.396190786 -0.28972487 0.1)
(2.496032069 -0.28972487 0.1)
(2.595873352 -0.28972487 0.1)
(2.695714635 -0.28972487 0.1)
(2.795555917 -0.28972487 0.1)
(2.8953972 -0.28972487 0.1)
(2.995238483 -0.28972487 0.1)
(3.095079766 -0.28972487 0.1)
(3.194921048 -0.28972487 0.1)
(3.294762331 -0.28972487 0.1)
(3.394603614 -0.28972487 0.1)
(3.494444897 -0.28972487 0.1)
(3.594286179 -0.28972487 0.1)
(3.694127462 -0.28972487 0.1)
(3.793968745 -0.28972487 0.1)
(3.893810028 -0.28972487 0.1)
(3.99365131 -0.28972487 0.1)
(4.093492593 -0.28972487 0.1)
(4.193333876 -0.28972487 0.1)
(4.293175159 -0.28972487 0.1)
(4.393016441 -0.28972487 0.1)
(4.492857724 -0.28972487 0.1)
(4.592699007 -0.28972487 0.1)
(4.69254029 -0.28972487 0.1)
(4.792381572 -0.28972487 0.1)
(4.892222855 -0.28972487 0.1)
(4.992064138 -0.28972487 0.1)
(5.091905421 -0.28972487 0.1)
(5.191746704 -0.28972487 0.1)
(5.291587986 -0.28972487 0.1)
(5.391429269 -0.28972487 0.1)
(5.491270552 -0.28972487 0.1)
(5.591111835 -0.28972487 0.1)
(5.690953117 -0.28972487 0.1)
(5.7907944 -0.28972487 0.1)
(5.890635683 -0.28972487 0.1)
(5.990476966 -0.28972487 0.1)
(6.090318248 -0.28972487 0.1)
(6.190159531 -0.28972487 0.1)
(6.290000814 -0.28972487 0.1)
(6.389842097 -0.28972487 0.1)
(6.489683379 -0.28972487 0.1)
(6.589524662 -0.28972487 0.1)
(6.689365945 -0.28972487 0.1)
(6.789207228 -0.28972487 0.1)
(6.88904851 -0.28972487 0.1)
(6.988889793 -0.28972487 0.1)
(7.088731076 -0.28972487 0.1)
(7.188572359 -0.28972487 0.1)
(7.288413641 -0.28972487 0.1)
(7.388254924 -0.28972487 0.1)
(7.488096207 -0.28972487 0.1)
(7.58793749 -0.28972487 0.1)
(7.687778773 -0.28972487 0.1)
(7.787620055 -0.28972487 0.1)
(7.887461338 -0.28972487 0.1)
(7.987302621 -0.28972487 0.1)
(8.087143904 -0.28972487 0.1)
(8.186985186 -0.28972487 0.1)
(8.286826469 -0.28972487 0.1)
(8.386667752 -0.28972487 0.1)
(8.486509035 -0.28972487 0.1)
(8.586350317 -0.28972487 0.1)
(8.6861916 -0.28972487 0.1)
(8.786032883 -0.28972487 0.1)
(8.885874166 -0.28972487 0.1)
(8.985715448 -0.28972487 0.1)
(9.085556731 -0.28972487 0.1)
(9.185398014 -0.28972487 0.1)
(9.285239297 -0.28972487 0.1)
(9.385080579 -0.28972487 0.1)
(9.484921862 -0.28972487 0.1)
(9.584763145 -0.28972487 0.1)
(9.684604428 -0.28972487 0.1)
(9.78444571 -0.28972487 0.1)
(9.884286993 -0.28972487 0.1)
(9.984128276 -0.28972487 0.1)
(0 -0.1931499134 0.1)
(0.09984128276 -0.1931499134 0.1)
(0.1996825655 -0.1931499134 0.1)
(0.2995238483 -0.1931499134 0.1)
(0.399365131 -0.1931499134 0.1)
(0.4992064138 -0.1931499134 0.1)
(0.5990476966 -0.1931499134 0.1)
(0.6988889793 -0.1931499134 0.1)
(0.7987302621 -0.1931499134 0.1)
(0.8985715448 -0.1931499134 0.1)
(0.9984128276 -0.1931499134 0.1)
(1.09825411 -0.1931499134 0.1)
(1.198095393 -0.1931499134 0.1)
(1.297936676 -0.1931499134 0.1)
(1.397777959 -0.1931499134 0.1)
(1.497619241 -0.1931499134 0.1)
(1.597460524 -0.1931499134 0.1)
(1.697301807 -0.1931499134 0.1)
(1.79714309 -0.1931499134 0.1)
(1.896984372 -0.1931499134 0.1)
(1.996825655 -0.1931499134 0.1)
(2.096666938 -0.1931499134 0.1)
(2.196508221 -0.1931499134 0.1)
(2.296349503 -0.1931499134 0.1)
(2.396190786 -0.1931499134 0.1)
(2.496032069 -0.1931499134 0.1)
(2.595873352 -0.1931499134 0.1)
(2.695714635 -0.1931499134 0.1)
(2.795555917 -0.1931499134 0.1)
(2.8953972 -0.1931499134 0.1)
(2.995238483 -0.1931499134 0.1)
(3.095079766 -0.1931499134 0.1)
(3.194921048 -0.1931499134 0.1)
(3.294762331 -0.1931499134 0.1)
(3.394603614 -0.1931499134 0.1)
(3.494444897 -0.1931499134 0.1)
(3.594286179 -0.1931499134 0.1)
(3.694127462 -0.1931499134 0.1)
(3.793968745 -0.1931499134 0.1)
(3.893810028 -0.1931499134 0.1)
(3.99365131 -0.1931499134 0.1)
(4.093492593 -0.1931499134 0.1)
(4.193333876 -0.1931499134 0.1)
(4.293175159 -0.1931499134 0.1)
(4.393016441 -0.1931499134 0.1)
(4.492857724 -0.1931499134 0.1)
(4.592699007 -0.1931499134 0.1)
(4.69254029 -0.1931499134 0.1)
(4.792381572 -0.1931499134 0.1)
(4.892222855 -0.1931499134 0.1)
(4.992064138 -0.1931499134 0.1)
(5.091905421 -0.1931499134 0.1)
(5.191746704 -0.1931499134 0.1)
(5.291587986 -0.1931499134 0.1)
(5.391429269 -0.1931499134 0.1)
(5.491270552 -0.1931499134 0.1)
(5.591111835 -0.1931499134 0.1)
(5.690953117 -0.1931499134 0.1)
(5.7907944 -0.1931499134 0.1)
(5.890635683 -0.1931499134 0.1)
(5.990476966 -0.1931499134 0.1)
(6.090318248 -0.1931499134 0.1)
(6.190159531 -0.1931499134 0.1)
(6.290000814 -0.1931499134 0.1)
(6.389842097 -0.1931499134 0.1)
(6.489683379 -0.1931499134 0.1)
(6.589524662 -0.1931499134 0.1)
(6.689365945 -0.1931499134 0.1)
(6.789207228 -0.1931499134 0.1)
(6.88904851 -0.1931499134 0.1)
(6.988889793 -0.1931499134 0.1)
(7.088731076 -0.1931499134 0.1)
(7.188572359 -0.1931499134 0.1)
(7.288413641 -0.1931499134 0.1)
(7.388254924 -0.1931499134 0.1)
(7.488096207 -0.1931499134 0.1)
(7.58793749 -0.1931499134 0.1)
(7.687778773 -0.1931499134 0.1)
(7.787620055 -0.1931499134 0.1)
(7.887461338 -0.1931499134 0.1)
(7.987302621 -0.1931499134 0.1)
(8.087143904 -0.1931499134 0.1)
(8.186985186 -0.1931499134 0.1)
(8.286826469 -0.1931499134 0.1)
(8.386667752 -0.1931499134 0.1)
(8.486509035 -0.1931499134 0.1)
(8.586350317 -0.1931499134 0.1)
(8.6861916 -0.1931499134 0.1)
(8.786032883 -0.1931499134 0.1)
(8.885874166 -0.1931499134 0.1)
(8.985715448 -0.1931499134 0.1)
(9.085556731 -0.1931499134 0.1)
(9.185398014 -0.1931499134 0.1)
(9.285239297 -0.1931499134 0.1)
(9.385080579 -0.1931499134 0.1)
(9.484921862 -0.1931499134 0.1)
(9.584763145 -0.1931499134 0.1)
(9.684604428 -0.1931499134 0.1)
(9.78444571 -0.1931499134 0.1)
(9.884286993 -0.1931499134 0.1)
(9.984128276 -0.1931499134 0.1)
(0 -0.09657495668 0.1)
(0.09984128276 -0.09657495668 0.1)
(0.1996825655 -0.09657495668 0.1)
(0.2995238483 -0.09657495668 0.1)
(0.399365131 -0.09657495668 0.1)
(0.4992064138 -0.09657495668 0.1)
(0.5990476966 -0.09657495668 0.1)
(0.6988889793 -0.09657495668 0.1)
(0.7987302621 -0.09657495668 0.1)
(0.8985715448 -0.09657495668 0.1)
(0.9984128276 -0.09657495668 0.1)
(1.09825411 -0.09657495668 0.1)
(1.198095393 -0.09657495668 0.1)
(1.297936676 -0.09657495668 0.1)
(1.397777959 -0.09657495668 0.1)
(1.497619241 -0.09657495668 0.1)
(1.597460524 -0.09657495668 0.1)
(1.697301807 -0.09657495668 0.1)
(1.79714309 -0.09657495668 0.1)
(1.896984372 -0.09657495668 0.1)
(1.996825655 -0.09657495668 0.1)
(2.096666938 -0.09657495668 0.1)
(2.196508221 -0.09657495668 0.1)
(2.296349503 -0.09657495668 0.1)
(2.396190786 -0.09657495668 0.1)
(2.496032069 -0.09657495668 0.1)
(2.595873352 -0.09657495668 0.1)
(2.695714635 -0.09657495668 0.1)
(2.795555917 -0.09657495668 0.1)
(2.8953972 -0.09657495668 0.1)
(2.995238483 -0.09657495668 0.1)
(3.095079766 -0.09657495668 0.1)
(3.194921048 -0.09657495668 0.1)
(3.294762331 -0.09657495668 0.1)
(3.394603614 -0.09657495668 0.1)
(3.494444897 -0.09657495668 0.1)
(3.594286179 -0.09657495668 0.1)
(3.694127462 -0.09657495668 0.1)
(3.793968745 -0.09657495668 0.1)
(3.893810028 -0.09657495668 0.1)
(3.99365131 -0.09657495668 0.1)
(4.093492593 -0.09657495668 0.1)
(4.193333876 -0.09657495668 0.1)
(4.293175159 -0.09657495668 0.1)
(4.393016441 -0.09657495668 0.1)
(4.492857724 -0.09657495668 0.1)
(4.592699007 -0.09657495668 0.1)
(4.69254029 -0.09657495668 0.1)
(4.792381572 -0.09657495668 0.1)
(4.892222855 -0.09657495668 0.1)
(4.992064138 -0.09657495668 0.1)
(5.091905421 -0.09657495668 0.1)
(5.191746704 -0.09657495668 0.1)
(5.291587986 -0.09657495668 0.1)
(5.391429269 -0.09657495668 0.1)
(5.491270552 -0.09657495668 0.1)
(5.591111835 -0.09657495668 0.1)
(5.690953117 -0.09657495668 0.1)
(5.7907944 -0.09657495668 0.1)
(5.890635683 -0.09657495668 0.1)
(5.990476966 -0.09657495668 0.1)
(6.090318248 -0.09657495668 0.1)
(6.190159531 -0.09657495668 0.1)
(6.290000814 -0.09657495668 0.1)
(6.389842097 -0.09657495668 0.1)
(6.489683379 -0.09657495668 0.1)
(6.589524662 -0.09657495668 0.1)
(6.689365945 -0.09657495668 0.1)
(6.789207228 -0.09657495668 0.1)
(6.88904851 -0.09657495668 0.1)
(6.988889793 -0.09657495668 0.1)
(7.088731076 -0.09657495668 0.1)
(7.188572359 -0.09657495668 0.1)
(7.288413641 -0.09657495668 0.1)
(7.388254924 -0.09657495668 0.1)
(7.488096207 -0.09657495668 0.1)
(7.58793749 -0.09657495668 0.1)
(7.687778773 -0.09657495668 0.1)
(7.787620055 -0.09657495668 0.1)
(7.887461338 -0.09657495668 0.1)
(7.987302621 -0.09657495668 0.1)
(8.087143904 -0.09657495668 0.1)
(8.186985186 -0.09657495668 0.1)
(8.286826469 -0.09657495668 0.1)
(8.386667752 -0.09657495668 0.1)
(8.486509035 -0.09657495668 0.1)
(8.586350317 -0.09657495668 0.1)
(8.6861916 -0.09657495668 0.1)
(8.786032883 -0.09657495668 0.1)
(8.885874166 -0.09657495668 0.1)
(8.985715448 -0.09657495668 0.1)
(9.085556731 -0.09657495668 0.1)
(9.185398014 -0.09657495668 0.1)
(9.285239297 -0.09657495668 0.1)
(9.385080579 -0.09657495668 0.1)
(9.484921862 -0.09657495668 0.1)
(9.584763145 -0.09657495668 0.1)
(9.684604428 -0.09657495668 0.1)
(9.78444571 -0.09657495668 0.1)
(9.884286993 -0.09657495668 0.1)
(9.984128276 -0.09657495668 0.1)
(0 0 0.1)
(0.09984128276 0 0.1)
(0.1996825655 0 0.1)
(0.2995238483 0 0.1)
(0.399365131 0 0.1)
(0.4992064138 0 0.1)
(0.5990476966 0 0.1)
(0.6988889793 0 0.1)
(0.7987302621 0 0.1)
(0.8985715448 0 0.1)
(0.9984128276 0 0.1)
(1.09825411 0 0.1)
(1.198095393 9.251858539e-18 0.1)
(1.297936676 0 0.1)
(1.397777959 0 0.1)
(1.497619241 0 0.1)
(1.597460524 0 0.1)
(1.697301807 0 0.1)
(1.79714309 0 0.1)
(1.896984372 0 0.1)
(1.996825655 0 0.1)
(2.096666938 0 0.1)
(2.196508221 0 0.1)
(2.296349503 0 0.1)
(2.396190786 0 0.1)
(2.496032069 0 0.1)
(2.595873352 0 0.1)
(2.695714635 0 0.1)
(2.795555917 0 0.1)
(2.8953972 -9.251858539e-18 0.1)
(2.995238483 -9.251858539e-18 0.1)
(3.095079766 -9.251858539e-18 0.1)
(3.194921048 0 0.1)
(3.294762331 0 0.1)
(3.394603614 0 0.1)
(3.494444897 0 0.1)
(3.594286179 0 0.1)
(3.694127462 0 0.1)
(3.793968745 -9.251858539e-18 0.1)
(3.893810028 -9.251858539e-18 0.1)
(3.99365131 -9.251858539e-18 0.1)
(4.093492593 0 0.1)
(4.193333876 0 0.1)
(4.293175159 0 0.1)
(4.393016441 0 0.1)
(4.492857724 0 0.1)
(4.592699007 0 0.1)
(4.69254029 0 0.1)
(4.792381572 0 0.1)
(4.892222855 0 0.1)
(4.992064138 0 0.1)
(5.091905421 0 0.1)
(5.191746704 0 0.1)
(5.291587986 0 0.1)
(5.391429269 0 0.1)
(5.491270552 0 0.1)
(5.591111835 0 0.1)
(5.690953117 -4.625929269e-18 0.1)
(5.7907944 -4.625929269e-18 0.1)
(5.890635683 -4.625929269e-18 0.1)
(5.990476966 -4.625929269e-18 0.1)
(6.090318248 -4.625929269e-18 0.1)
(6.190159531 -4.625929269e-18 0.1)
(6.290000814 4.625929269e-18 0.1)
(6.389842097 4.625929269e-18 0.1)
(6.489683379 4.625929269e-18 0.1)
(6.589524662 4.625929269e-18 0.1)
(6.689365945 4.625929269e-18 0.1)
(6.789207228 4.625929269e-18 0.1)
(6.88904851 0 0.1)
(6.988889793 0 0.1)
(7.088731076 0 0.1)
(7.188572359 0 0.1)
(7.288413641 0 0.1)
(7.388254924 0 0.1)
(7.488096207 0 0.1)
(7.58793749 0 0.1)
(7.687778773 0 0.1)
(7.787620055 0 0.1)
(7.887461338 -2.312964635e-18 0.1)
(7.987302621 -2.312964635e-18 0.1)
(8.087143904 -2.312964635e-18 0.1)
(8.186985186 -2.312964635e-18 0.1)
(8.286826469 -2.312964635e-18 0.1)
(8.386667752 -2.312964635e-18 0.1)
(8.486509035 -4.625929269e-18 0.1)
(8.586350317 -4.625929269e-18 0.1)
(8.6861916 -4.625929269e-18 0.1)
(8.786032883 4.625929269e-18 0.1)
(8.885874166 4.625929269e-18 0.1)
(8.985715448 3.469446952e-18 0.1)
(9.085556731 3.469446952e-18 0.1)
(9.185398014 3.469446952e-18 0.1)
(9.285239297 2.312964635e-18 0.1)
(9.385080579 2.312964635e-18 0.1)
(9.484921862 1.734723476e-18 0.1)
(9.584763145 1.156482317e-18 0.1)
(9.684604428 1.156482317e-18 0.1)
(9.78444571 5.782411587e-19 0.1)
(9.884286993 2.891205793e-19 0.1)
(9.984128276 0 0.1)
(0 0.09657495668 0.1)
(0.09984128276 0.09657495668 0.1)
(0.1996825655 0.09657495668 0.1)
(0.2995238483 0.09657495668 0.1)
(0.399365131 0.09657495668 0.1)
(0.4992064138 0.09657495668 0.1)
(0.5990476966 0.09657495668 0.1)
(0.6988889793 0.09657495668 0.1)
(0.7987302621 0.09657495668 0.1)
(0.8985715448 0.09657495668 0.1)
(0.9984128276 0.09657495668 0.1)
(1.09825411 0.09657495668 0.1)
(1.198095393 0.09657495668 0.1)
(1.297936676 0.09657495668 0.1)
(1.397777959 0.09657495668 0.1)
(1.497619241 0.09657495668 0.1)
(1.597460524 0.09657495668 0.1)
(1.697301807 0.09657495668 0.1)
(1.79714309 0.09657495668 0.1)
(1.896984372 0.09657495668 0.1)
(1.996825655 0.09657495668 0.1)
(2.096666938 0.09657495668 0.1)
(2.196508221 0.09657495668 0.1)
(2.296349503 0.09657495668 0.1)
(2.396190786 0.09657495668 0.1)
(2.496032069 0.09657495668 0.1)
(2.595873352 0.09657495668 0.1)
(2.695714635 0.09657495668 0.1)
(2.795555917 0.09657495668 0.1)
(2.8953972 0.09657495668 0.1)
(2.995238483 0.09657495668 0.1)
(3.095079766 0.09657495668 0.1)
(3.194921048 0.09657495668 0.1)
(3.294762331 0.09657495668 0.1)
(3.394603614 0.09657495668 0.1)
(3.494444897 0.09657495668 0.1)
(3.594286179 0.09657495668 0.1)
(3.694127462 0.09657495668 0.1)
(3.793968745 0.09657495668 0.1)
(3.893810028 0.09657495668 0.1)
(3.99365131 0.09657495668 0.1)
(4.093492593 0.09657495668 0.1)
(4.193333876 0.09657495668 0.1)
(4.293175159 0.09657495668 0.1)
(4.393016441 0.09657495668 0.1)
(4.492857724 0.09657495668 0.1)
(4.592699007 0.09657495668 0.1)
(4.69254029 0.09657495668 0.1)
(4.792381572 0.09657495668 0.1)
(4.892222855 0.09657495668 0.1)
(4.992064138 0.09657495668 0.1)
(5.091905421 0.09657495668 0.1)
(5.191746704 0.09657495668 0.1)
(5.291587986 0.09657495668 0.1)
(5.391429269 0.09657495668 0.1)
(5.491270552 0.09657495668 0.1)
(5.591111835 0.09657495668 0.1)
(5.690953117 0.09657495668 0.1)
(5.7907944 0.09657495668 0.1)
(5.890635683 0.09657495668 0.1)
(5.990476966 0.09657495668 0.1)
(6.090318248 0.09657495668 0.1)
(6.190159531 0.09657495668 0.1)
(6.290000814 0.09657495668 0.1)
(6.389842097 0.09657495668 0.1)
(6.489683379 0.09657495668 0.1)
(6.589524662 0.09657495668 0.1)
(6.689365945 0.09657495668 0.1)
(6.789207228 0.09657495668 0.1)
(6.88904851 0.09657495668 0.1)
(6.988889793 0.09657495668 0.1)
(7.088731076 0.09657495668 0.1)
(7.188572359 0.09657495668 0.1)
(7.288413641 0.09657495668 0.1)
(7.388254924 0.09657495668 0.1)
(7.488096207 0.09657495668 0.1)
(7.58793749 0.09657495668 0.1)
(7.687778773 0.09657495668 0.1)
(7.787620055 0.09657495668 0.1)
(7.887461338 0.09657495668 0.1)
(7.987302621 0.09657495668 0.1)
(8.087143904 0.09657495668 0.1)
(8.186985186 0.09657495668 0.1)
(8.286826469 0.09657495668 0.1)
(8.386667752 0.09657495668 0.1)
(8.486509035 0.09657495668 0.1)
(8.586350317 0.09657495668 0.1)
(8.6861916 0.09657495668 0.1)
(8.786032883 0.09657495668 0.1)
(8.885874166 0.09657495668 0.1)
(8.985715448 0.09657495668 0.1)
(9.085556731 0.09657495668 0.1)
(9.185398014 0.09657495668 0.1)
(9.285239297 0.09657495668 0.1)
(9.385080579 0.09657495668 0.1)
(9.484921862 0.09657495668 0.1)
(9.584763145 0.09657495668 0.1)
(9.684604428 0.09657495668 0.1)
(9.78444571 0.09657495668 0.1)
(9.884286993 0.09657495668 0.1)
(9.984128276 0.09657495668 0.1)
(0 0.1931499134 0.1)
(0.09984128276 0.1931499134 0.1)
(0.1996825655 0.1931499134 0.1)
(0.2995238483 0.1931499134 0.1)
(0.399365131 0.1931499134 0.1)
(0.4992064138 0.1931499134 0.1)
(0.5990476966 0.1931499134 0.1)
(0.6988889793 0.1931499134 0.1)
(0.7987302621 0.1931499134 0.1)
(0.8985715448 0.1931499134 0.1)
(0.9984128276 0.1931499134 0.1)
(1.09825411 0.1931499134 0.1)
(1.198095393 0.1931499134 0.1)
(1.297936676 0.1931499134 0.1)
(1.397777959 0.1931499134 0.1)
(1.497619241 0.1931499134 0.1)
(1.597460524 0.1931499134 0.1)
(1.697301807 0.1931499134 0.1)
(1.79714309 0.1931499134 0.1)
(1.896984372 0.1931499134 0.1)
(1.996825655 0.1931499134 0.1)
(2.096666938 0.1931499134 0.1)
(2.196508221 0.1931499134 0.1)
(2.296349503 0.1931499134 0.1)
(2.396190786 0.1931499134 0.1)
(2.496032069 0.1931499134 0.1)
(2.595873352 0.1931499134 0.1)
(2.695714635 0.1931499134 0.1)
(2.795555917 0.1931499134 0.1)
(2.8953972 0.1931499134 0.1)
(2.995238483 0.1931499134 0.1)
(3.095079766 0.1931499134 0.1)
(3.194921048 0.1931499134 0.1)
(3.294762331 0.1931499134 0.1)
(3.394603614 0.1931499134 0.1)
(3.494444897 0.1931499134 0.1)
(3.594286179 0.1931499134 0.1)
(3.694127462 0.1931499134 0.1)
(3.793968745 0.1931499134 0.1)
(3.893810028 0.1931499134 0.1)
(3.99365131 0.1931499134 0.1)
(4.093492593 0.1931499134 0.1)
(4.193333876 0.1931499134 0.1)
(4.293175159 0.1931499134 0.1)
(4.393016441 0.1931499134 0.1)
(4.492857724 0.1931499134 0.1)
(4.592699007 0.1931499134 0.1)
(4.69254029 0.1931499134 0.1)
(4.792381572 0.1931499134 0.1)
(4.892222855 0.1931499134 0.1)
(4.992064138 0.1931499134 0.1)
(5.091905421 0.1931499134 0.1)
(5.191746704 0.1931499134 0.1)
(5.291587986 0.1931499134 0.1)
(5.391429269 0.1931499134 0.1)
(5.491270552 0.1931499134 0.1)
(5.591111835 0.1931499134 0.1)
(5.690953117 0.1931499134 0.1)
(5.7907944 0.1931499134 0.1)
(5.890635683 0.1931499134 0.1)
(5.990476966 0.1931499134 0.1)
(6.090318248 0.1931499134 0.1)
(6.190159531 0.1931499134 0.1)
(6.290000814 0.1931499134 0.1)
(6.389842097 0.1931499134 0.1)
(6.489683379 0.1931499134 0.1)
(6.589524662 0.1931499134 0.1)
(6.689365945 0.1931499134 0.1)
(6.789207228 0.1931499134 0.1)
(6.88904851 0.1931499134 0.1)
(6.988889793 0.1931499134 0.1)
(7.088731076 0.1931499134 0.1)
(7.188572359 0.1931499134 0.1)
(7.288413641 0.1931499134 0.1)
(7.388254924 0.1931499134 0.1)
(7.488096207 0.1931499134 0.1)
(7.58793749 0.1931499134 0.1)
(7.687778773 0.1931499134 0.1)
(7.787620055 0.1931499134 0.1)
(7.887461338 0.1931499134 0.1)
(7.987302621 0.1931499134 0.1)
(8.087143904 0.1931499134 0.1)
(8.186985186 0.1931499134 0.1)
(8.286826469 0.1931499134 0.1)
(8.386667752 0.1931499134 0.1)
(8.486509035 0.1931499134 0.1)
(8.586350317 0.1931499134 0.1)
(8.6861916 0.1931499134 0.1)
(8.786032883 0.1931499134 0.1)
(8.885874166 0.1931499134 0.1)
(8.985715448 0.1931499134 0.1)
(9.085556731 0.1931499134 0.1)
(9.185398014 0.1931499134 0.1)
(9.285239297 0.1931499134 0.1)
(9.385080579 0.1931499134 0.1)
(9.484921862 0.1931499134 0.1)
(9.584763145 0.1931499134 0.1)
(9.684604428 0.1931499134 0.1)
(9.78444571 0.1931499134 0.1)
(9.884286993 0.1931499134 0.1)
(9.984128276 0.1931499134 0.1)
(0 0.28972487 0.1)
(0.09984128276 0.28972487 0.1)
(0.1996825655 0.28972487 0.1)
(0.2995238483 0.28972487 0.1)
(0.399365131 0.28972487 0.1)
(0.4992064138 0.28972487 0.1)
(0.5990476966 0.28972487 0.1)
(0.6988889793 0.28972487 0.1)
(0.7987302621 0.28972487 0.1)
(0.8985715448 0.28972487 0.1)
(0.9984128276 0.28972487 0.1)
(1.09825411 0.28972487 0.1)
(1.198095393 0.28972487 0.1)
(1.297936676 0.28972487 0.1)
(1.397777959 0.28972487 0.1)
(1.497619241 0.28972487 0.1)
(1.597460524 0.28972487 0.1)
(1.697301807 0.28972487 0.1)
(1.79714309 0.28972487 0.1)
(1.896984372 0.28972487 0.1)
(1.996825655 0.28972487 0.1)
(2.096666938 0.28972487 0.1)
(2.196508221 0.28972487 0.1)
(2.296349503 0.28972487 0.1)
(2.396190786 0.28972487 0.1)
(2.496032069 0.28972487 0.1)
(2.595873352 0.28972487 0.1)
(2.695714635 0.28972487 0.1)
(2.795555917 0.28972487 0.1)
(2.8953972 0.28972487 0.1)
(2.995238483 0.28972487 0.1)
(3.095079766 0.28972487 0.1)
(3.194921048 0.28972487 0.1)
(3.294762331 0.28972487 0.1)
(3.394603614 0.28972487 0.1)
(3.494444897 0.28972487 0.1)
(3.594286179 0.28972487 0.1)
(3.694127462 0.28972487 0.1)
(3.793968745 0.28972487 0.1)
(3.893810028 0.28972487 0.1)
(3.99365131 0.28972487 0.1)
(4.093492593 0.28972487 0.1)
(4.193333876 0.28972487 0.1)
(4.293175159 0.28972487 0.1)
(4.393016441 0.28972487 0.1)
(4.492857724 0.28972487 0.1)
(4.592699007 0.28972487 0.1)
(4.69254029 0.28972487 0.1)
(4.792381572 0.28972487 0.1)
(4.892222855 0.28972487 0.1)
(4.992064138 0.28972487 0.1)
(5.091905421 0.28972487 0.1)
(5.191746704 0.28972487 0.1)
(5.291587986 0.28972487 0.1)
(5.391429269 0.28972487 0.1)
(5.491270552 0.28972487 0.1)
(5.591111835 0.28972487 0.1)
(5.690953117 0.28972487 0.1)
(5.7907944 0.28972487 0.1)
(5.890635683 0.28972487 0.1)
(5.990476966 0.28972487 0.1)
(6.090318248 0.28972487 0.1)
(6.190159531 0.28972487 0.1)
(6.290000814 0.28972487 0.1)
(6.389842097 0.28972487 0.1)
(6.489683379 0.28972487 0.1)
(6.589524662 0.28972487 0.1)
(6.689365945 0.28972487 0.1)
(6.789207228 0.28972487 0.1)
(6.88904851 0.28972487 0.1)
(6.988889793 0.28972487 0.1)
(7.088731076 0.28972487 0.1)
(7.188572359 0.28972487 0.1)
(7.288413641 0.28972487 0.1)
(7.388254924 0.28972487 0.1)
(7.488096207 0.28972487 0.1)
(7.58793749 0.28972487 0.1)
(7.687778773 0.28972487 0.1)
(7.787620055 0.28972487 0.1)
(7.887461338 0.28972487 0.1)
(7.987302621 0.28972487 0.1)
(8.087143904 0.28972487 0.1)
(8.186985186 0.28972487 0.1)
(8.286826469 0.28972487 0.1)
(8.386667752 0.28972487 0.1)
(8.486509035 0.28972487 0.1)
(8.586350317 0.28972487 0.1)
(8.6861916 0.28972487 0.1)
(8.786032883 0.28972487 0.1)
(8.885874166 0.28972487 0.1)
(8.985715448 0.28972487 0.1)
(9.085556731 0.28972487 0.1)
(9.185398014 0.28972487 0.1)
(9.285239297 0.28972487 0.1)
(9.385080579 0.28972487 0.1)
(9.484921862 0.28972487 0.1)
(9.584763145 0.28972487 0.1)
(9.684604428 0.28972487 0.1)
(9.78444571 0.28972487 0.1)
(9.884286993 0.28972487 0.1)
(9.984128276 0.28972487 0.1)
(0 0.3862998267 0.1)
(0.09984128276 0.3862998267 0.1)
(0.1996825655 0.3862998267 0.1)
(0.2995238483 0.3862998267 0.1)
(0.399365131 0.3862998267 0.1)
(0.4992064138 0.3862998267 0.1)
(0.5990476966 0.3862998267 0.1)
(0.6988889793 0.3862998267 0.1)
(0.7987302621 0.3862998267 0.1)
(0.8985715448 0.3862998267 0.1)
(0.9984128276 0.3862998267 0.1)
(1.09825411 0.3862998267 0.1)
(1.198095393 0.3862998267 0.1)
(1.297936676 0.3862998267 0.1)
(1.397777959 0.3862998267 0.1)
(1.497619241 0.3862998267 0.1)
(1.597460524 0.3862998267 0.1)
(1.697301807 0.3862998267 0.1)
(1.79714309 0.3862998267 0.1)
(1.896984372 0.3862998267 0.1)
(1.996825655 0.3862998267 0.1)
(2.096666938 0.3862998267 0.1)
(2.196508221 0.3862998267 0.1)
(2.296349503 0.3862998267 0.1)
(2.396190786 0.3862998267 0.1)
(2.496032069 0.3862998267 0.1)
(2.595873352 0.3862998267 0.1)
(2.695714635 0.3862998267 0.1)
(2.795555917 0.3862998267 0.1)
(2.8953972 0.3862998267 0.1)
(2.995238483 0.3862998267 0.1)
(3.095079766 0.3862998267 0.1)
(3.194921048 0.3862998267 0.1)
(3.294762331 0.3862998267 0.1)
(3.394603614 0.3862998267 0.1)
(3.494444897 0.3862998267 0.1)
(3.594286179 0.3862998267 0.1)
(3.694127462 0.3862998267 0.1)
(3.793968745 0.3862998267 0.1)
(3.893810028 0.3862998267 0.1)
(3.99365131 0.3862998267 0.1)
(4.093492593 0.3862998267 0.1)
(4.193333876 0.3862998267 0.1)
(4.293175159 0.3862998267 0.1)
(4.393016441 0.3862998267 0.1)
(4.492857724 0.3862998267 0.1)
(4.592699007 0.3862998267 0.1)
(4.69254029 0.3862998267 0.1)
(4.792381572 0.3862998267 0.1)
(4.892222855 0.3862998267 0.1)
(4.992064138 0.3862998267 0.1)
(5.091905421 0.3862998267 0.1)
(5.191746704 0.3862998267 0.1)
(5.291587986 0.3862998267 0.1)
(5.391429269 0.3862998267 0.1)
(5.491270552 0.3862998267 0.1)
(5.591111835 0.3862998267 0.1)
(5.690953117 0.3862998267 0.1)
(5.7907944 0.3862998267 0.1)
(5.890635683 0.3862998267 0.1)
(5.990476966 0.3862998267 0.1)
(6.090318248 0.3862998267 0.1)
(6.190159531 0.3862998267 0.1)
(6.290000814 0.3862998267 0.1)
(6.389842097 0.3862998267 0.1)
(6.489683379 0.3862998267 0.1)
(6.589524662 0.3862998267 0.1)
(6.689365945 0.3862998267 0.1)
(6.789207228 0.3862998267 0.1)
(6.88904851 0.3862998267 0.1)
(6.988889793 0.3862998267 0.1)
(7.088731076 0.3862998267 0.1)
(7.188572359 0.3862998267 0.1)
(7.288413641 0.3862998267 0.1)
(7.388254924 0.3862998267 0.1)
(7.488096207 0.3862998267 0.1)
(7.58793749 0.3862998267 0.1)
(7.687778773 0.3862998267 0.1)
(7.787620055 0.3862998267 0.1)
(7.887461338 0.3862998267 0.1)
(7.987302621 0.3862998267 0.1)
(8.087143904 0.3862998267 0.1)
(8.186985186 0.3862998267 0.1)
(8.286826469 0.3862998267 0.1)
(8.386667752 0.3862998267 0.1)
(8.486509035 0.3862998267 0.1)
(8.586350317 0.3862998267 0.1)
(8.6861916 0.3862998267 0.1)
(8.786032883 0.3862998267 0.1)
(8.885874166 0.3862998267 0.1)
(8.985715448 0.3862998267 0.1)
(9.085556731 0.3862998267 0.1)
(9.185398014 0.3862998267 0.1)
(9.285239297 0.3862998267 0.1)
(9.385080579 0.3862998267 0.1)
(9.484921862 0.3862998267 0.1)
(9.584763145 0.3862998267 0.1)
(9.684604428 0.3862998267 0.1)
(9.78444571 0.3862998267 0.1)
(9.884286993 0.3862998267 0.1)
(9.984128276 0.3862998267 0.1)
(0 0.4828747834 0.1)
(0.09984128276 0.4828747834 0.1)
(0.1996825655 0.4828747834 0.1)
(0.2995238483 0.4828747834 0.1)
(0.399365131 0.4828747834 0.1)
(0.4992064138 0.4828747834 0.1)
(0.5990476966 0.4828747834 0.1)
(0.6988889793 0.4828747834 0.1)
(0.7987302621 0.4828747834 0.1)
(0.8985715448 0.4828747834 0.1)
(0.9984128276 0.4828747834 0.1)
(1.09825411 0.4828747834 0.1)
(1.198095393 0.4828747834 0.1)
(1.297936676 0.4828747834 0.1)
(1.397777959 0.4828747834 0.1)
(1.497619241 0.4828747834 0.1)
(1.597460524 0.4828747834 0.1)
(1.697301807 0.4828747834 0.1)
(1.79714309 0.4828747834 0.1)
(1.896984372 0.4828747834 0.1)
(1.996825655 0.4828747834 0.1)
(2.096666938 0.4828747834 0.1)
(2.196508221 0.4828747834 0.1)
(2.296349503 0.4828747834 0.1)
(2.396190786 0.4828747834 0.1)
(2.496032069 0.4828747834 0.1)
(2.595873352 0.4828747834 0.1)
(2.695714635 0.4828747834 0.1)
(2.795555917 0.4828747834 0.1)
(2.8953972 0.4828747834 0.1)
(2.995238483 0.4828747834 0.1)
(3.095079766 0.4828747834 0.1)
(3.194921048 0.4828747834 0.1)
(3.294762331 0.4828747834 0.1)
(3.394603614 0.4828747834 0.1)
(3.494444897 0.4828747834 0.1)
(3.594286179 0.4828747834 0.1)
(3.694127462 0.4828747834 0.1)
(3.793968745 0.4828747834 0.1)
(3.893810028 0.4828747834 0.1)
(3.99365131 0.4828747834 0.1)
(4.093492593 0.4828747834 0.1)
(4.193333876 0.4828747834 0.1)
(4.293175159 0.4828747834 0.1)
(4.393016441 0.4828747834 0.1)
(4.492857724 0.4828747834 0.1)
(4.592699007 0.4828747834 0.1)
(4.69254029 0.4828747834 0.1)
(4.792381572 0.4828747834 0.1)
(4.892222855 0.4828747834 0.1)
(4.992064138 0.4828747834 0.1)
(5.091905421 0.4828747834 0.1)
(5.191746704 0.4828747834 0.1)
(5.291587986 0.4828747834 0.1)
(5.391429269 0.4828747834 0.1)
(5.491270552 0.4828747834 0.1)
(5.591111835 0.4828747834 0.1)
(5.690953117 0.4828747834 0.1)
(5.7907944 0.4828747834 0.1)
(5.890635683 0.4828747834 0.1)
(5.990476966 0.4828747834 0.1)
(6.090318248 0.4828747834 0.1)
(6.190159531 0.4828747834 0.1)
(6.290000814 0.4828747834 0.1)
(6.389842097 0.4828747834 0.1)
(6.489683379 0.4828747834 0.1)
(6.589524662 0.4828747834 0.1)
(6.689365945 0.4828747834 0.1)
(6.789207228 0.4828747834 0.1)
(6.88904851 0.4828747834 0.1)
(6.988889793 0.4828747834 0.1)
(7.088731076 0.4828747834 0.1)
(7.188572359 0.4828747834 0.1)
(7.288413641 0.4828747834 0.1)
(7.388254924 0.4828747834 0.1)
(7.488096207 0.4828747834 0.1)
(7.58793749 0.4828747834 0.1)
(7.687778773 0.4828747834 0.1)
(7.787620055 0.4828747834 0.1)
(7.887461338 0.4828747834 0.1)
(7.987302621 0.4828747834 0.1)
(8.087143904 0.4828747834 0.1)
(8.186985186 0.4828747834 0.1)
(8.286826469 0.4828747834 0.1)
(8.386667752 0.4828747834 0.1)
(8.486509035 0.4828747834 0.1)
(8.586350317 0.4828747834 0.1)
(8.6861916 0.4828747834 0.1)
(8.786032883 0.4828747834 0.1)
(8.885874166 0.4828747834 0.1)
(8.985715448 0.4828747834 0.1)
(9.085556731 0.4828747834 0.1)
(9.185398014 0.4828747834 0.1)
(9.285239297 0.4828747834 0.1)
(9.385080579 0.4828747834 0.1)
(9.484921862 0.4828747834 0.1)
(9.584763145 0.4828747834 0.1)
(9.684604428 0.4828747834 0.1)
(9.78444571 0.4828747834 0.1)
(9.884286993 0.4828747834 0.1)
(9.984128276 0.4828747834 0.1)
)


// ************************************************************************* //
